614,
271,
432,
481,
343,
479,
381,
478,
393,
359,
365,
423,
963,
381,
686,
584,
377,
1310,
355,
310,
1272,
903,
500,
515,
516,
489,
603,
553,
376,
447,
690,
464,
477,
835,
514,
805,
11522,
242,
694,
874,
771,
918,
1528,
549,
634,
657,
689,
3263,
1089,
951,
694,
1452,
1627,
715,
2492,
642,
1379,
525,
492,
674,
385,
635,
1399,
753,
555,
504,
424,
370,
660,
520,
443,
1062,
629,
826,
639,
678,
738,
487,
728,
479,
539,
520,
708,
426,
1984,
562,
2159,
726,
636,
703,
781,
985,
472,
768,
694,
311,
552,
511,
564,
395,
