204,
221,
228,
188,
346,
181,
304,
192,
348,
280,
2150,
205,
213,
211,
206,
315,
257,
342,
296,
209,
207,
306,
324,
226,
221,
373,
231,
347,
353,
421,
919,
323,
531,
287,
999,
205,
355,
208,
233,
130,
381,
362,
536,
349,
387,
251,
717,
379,
495,
471,
381,
376,
382,
492,
152,
408,
312,
423,
803,
373,
532,
410,
381,
456,
317,
386,
359,
246,
385,
394,
246,
400,
377,
542,
209,
320,
210,
208,
209,
318,
260,
5855,
348,
228,
347,
876,
250,
315,
209,
364,
224,
206,
327,
329,
253,
514,
321,
203,
203,
205,
