761,
844,
833,
725,
962,
519,
735,
498,
466,
1133,
630,
722,
674,
576,
875,
493,
466,
670,
653,
669,
522,
428,
770,
531,
412,
564,
451,
618,
447,
2484,
566,
448,
482,
595,
572,
454,
1046,
632,
712,
641,
516,
406,
529,
540,
494,
450,
708,
355,
1095,
629,
800,
605,
616,
507,
587,
520,
456,
418,
525,
283,
1463,
451,
570,
373,
461,
417,
596,
707,
390,
331,
783,
333,
409,
705,
580,
363,
554,
594,
471,
709,
778,
492,
442,
433,
633,
403,
437,
353,
667,
521,
516,
356,
382,
537,
980,
436,
613,
546,
416,
438,
